{
  "camera_angle_x": 1.0298785152466015,
  "camera_angle_y": 0.6154378462684217,
  "fl_x": 1696.5285212947108,
  "fl_y": 1699.105957396139,
  "k1": -0.02392137755526076,
  "k2": 0.022743312022954265,
  "k3": 0,
  "k4": 0,
  "p1": 0.0005088336203563084,
  "p2": -0.0005516922170659361,
  "is_fisheye": false,
  "cx": 990.8390919050192,
  "cy": 525.7572103768002,
  "w": 1920.0,
  "h": 1080.0,
  "aabb_scale": 32,
  "frames": [
    {
      "file_path": "./..\\..\\videos\\images/0015.jpg",
      "sharpness": 7.1212526845086925,
      "transform_matrix": [
        [
          -0.6873537604322871,
          -0.26909884650419874,
          0.6746336923994413,
          2.6697891076824556
        ],
        [
          0.7258928047854618,
          -0.28646647743681986,
          0.6253131961426214,
          2.482284257131792
        ],
        [
          0.024988877636029794,
          0.919523119995166,
          0.3922407269574544,
          1.630742222725875
        ],
        [
          0.0,
          0.0,
          0.0,
          1.0
        ]
      ]
    },
    {
      "file_path": "./..\\..\\videos\\images/0007.jpg",
      "sharpness": 6.8978957714923315,
      "transform_matrix": [
        [
          -0.05656968970498449,
          -0.3502148853597925,
          0.9349595736554119,
          4.169595120249841
        ],
        [
          0.9968622712416777,
          0.03211911959797581,
          0.07234621161885109,
          0.5836209532882352
        ],
        [
          -0.05536679857382185,
          0.9361185268558941,
          0.3472990374131519,
          1.7054680498552564
        ],
        [
          0.0,
          0.0,
          0.0,
          1.0
        ]
      ]
    },
    {
      "file_path": "./..\\..\\videos\\images/0010.jpg",
      "sharpness": 9.556164502237557,
      "transform_matrix": [
        [
          -0.36840591784312804,
          -0.3165856511810783,
          0.8740998828825087,
          3.62539544537199
        ],
        [
          0.9282096682354884,
          -0.07266962759512152,
          0.36489167847981385,
          1.4467317129920065
        ],
        [
          -0.05199895667207728,
          0.9457762160187281,
          0.32062978310440365,
          1.4497597182126745
        ],
        [
          0.0,
          0.0,
          0.0,
          1.0
        ]
      ]
    },
    {
      "file_path": "./..\\..\\videos\\images/0016.jpg",
      "sharpness": 7.133235030116024,
      "transform_matrix": [
        [
          -0.7594717343999009,
          -0.22164350193518628,
          0.6116182165275276,
          2.371444631060984
        ],
        [
          0.6488653550799625,
          -0.32551346837541584,
          0.6877606654117595,
          2.592089764017789
        ],
        [
          0.04665228460832521,
          0.9191926566528067,
          0.39103506798194543,
          1.644810213441226
        ],
        [
          0.0,
          0.0,
          0.0,
          1.0
        ]
      ]
    },
    {
      "file_path": "./..\\..\\videos\\images/0009.jpg",
      "sharpness": 10.55223472964859,
      "transform_matrix": [
        [
          -0.31191055404801893,
          -0.31304965473120006,
          0.8970572557183484,
          3.9623816001141337
        ],
        [
          0.948501236150078,
          -0.04765068224307342,
          0.3131689919324846,
          1.1933945746604468
        ],
        [
          -0.055292054550903864,
          0.9485406297305706,
          0.3117907351881015,
          1.454714793353513
        ],
        [
          0.0,
          0.0,
          0.0,
          1.0
        ]
      ]
    },
    {
      "file_path": "./..\\..\\videos\\images/0013.jpg",
      "sharpness": 9.066966558754162,
      "transform_matrix": [
        [
          -0.5670603000195474,
          -0.312091356790719,
          0.7622608485610876,
          2.9571017531759285
        ],
        [
          0.823640860578119,
          -0.2062678279074724,
          0.528270116475401,
          2.115381575421561
        ],
        [
          -0.007638647871196787,
          0.9273901920337636,
          0.37401749006369217,
          1.4790686316395454
        ],
        [
          0.0,
          0.0,
          0.0,
          1.0
        ]
      ]
    },
    {
      "file_path": "./..\\..\\videos\\images/0014.jpg",
      "sharpness": 12.57254586992559,
      "transform_matrix": [
        [
          -0.6200389265048402,
          -0.2956143458839567,
          0.7267488481016848,
          2.8182959677471606
        ],
        [
          0.7844986863867197,
          -0.2461800494877924,
          0.5691723766102534,
          2.3435307507016128
        ],
        [
          0.010655547584011884,
          0.9230425460584636,
          0.3845502796343527,
          1.5999359809122549
        ],
        [
          0.0,
          0.0,
          0.0,
          1.0
        ]
      ]
    },
    {
      "file_path": "./..\\..\\videos\\images/0019.jpg",
      "sharpness": 4.570682302991569,
      "transform_matrix": [
        [
          -0.9102205884541081,
          -0.059594678502521814,
          0.40981331693740547,
          1.6776031688199535
        ],
        [
          0.3940848962983095,
          -0.4287528124772772,
          0.8129379560008505,
          3.163587174656582
        ],
        [
          0.12726183609718622,
          0.9014541031947176,
          0.4137449999720185,
          1.7184047339448802
        ],
        [
          0.0,
          0.0,
          0.0,
          1.0
        ]
      ]
    },
    {
      "file_path": "./..\\..\\videos\\images/0017.jpg",
      "sharpness": 7.843208756420186,
      "transform_matrix": [
        [
          -0.8078949570720826,
          -0.17310744316270135,
          0.563328990510847,
          2.072647053918379
        ],
        [
          0.5843655724506215,
          -0.3590798228569639,
          0.7277214841929114,
          2.783365300371444
        ],
        [
          0.07630606865962622,
          0.9171125852503663,
          0.39125680819171327,
          1.7051621563462116
        ],
        [
          0.0,
          0.0,
          0.0,
          1.0
        ]
      ]
    },
    {
      "file_path": "./..\\..\\videos\\images/0020.jpg",
      "sharpness": 5.83496672425214,
      "transform_matrix": [
        [
          -0.9450387897996243,
          0.010381174292954024,
          0.32679338592627677,
          1.2549081715334611
        ],
        [
          0.29285111554578735,
          -0.4175921492535816,
          0.8601482552501207,
          3.2469215191995557
        ],
        [
          0.14539570134634083,
          0.908575273811328,
          0.3916006408880623,
          1.609082455707688
        ],
        [
          0.0,
          0.0,
          0.0,
          1.0
        ]
      ]
    },
    {
      "file_path": "./..\\..\\videos\\images/0021.jpg",
      "sharpness": 6.961765508583646,
      "transform_matrix": [
        [
          -0.9625796366059568,
          0.07034542631251181,
          0.26170969466042865,
          0.9093109654002186
        ],
        [
          0.21344182382824423,
          -0.39825521541188513,
          0.8920960549417143,
          3.414432772423851
        ],
        [
          0.1669821281189528,
          0.9145732909252582,
          0.3683377044374819,
          1.4599965380225501
        ],
        [
          0.0,
          0.0,
          0.0,
          1.0
        ]
      ]
    },
    {
      "file_path": "./..\\..\\videos\\images/0018.jpg",
      "sharpness": 9.216216345281591,
      "transform_matrix": [
        [
          -0.8520718548635628,
          -0.12143842864570797,
          0.5091426738039442,
          1.7763754128260012
        ],
        [
          0.512148898193425,
          -0.39424395286674896,
          0.7630695982095775,
          2.868295479491489
        ],
        [
          0.10806044733972991,
          0.9109469873483725,
          0.398118733617154,
          1.741918649790255
        ],
        [
          0.0,
          0.0,
          0.0,
          1.0
        ]
      ]
    },
    {
      "file_path": "./..\\..\\videos\\images/0011.jpg",
      "sharpness": 14.293341214903949,
      "transform_matrix": [
        [
          -0.4063003128975578,
          -0.3201104259364132,
          0.8558325601640514,
          3.3350890340763724
        ],
        [
          0.9128522890691434,
          -0.10093402096992514,
          0.3956172667573205,
          1.7967187982728179
        ],
        [
          -0.040258590195142316,
          0.9419881308768356,
          0.33322305937304264,
          1.2342522125964879
        ],
        [
          0.0,
          0.0,
          0.0,
          1.0
        ]
      ]
    },
    {
      "file_path": "./..\\..\\videos\\images/0008.jpg",
      "sharpness": 71.47243870138486,
      "transform_matrix": [
        [
          -0.1894542594725145,
          -0.3102819879233955,
          0.9315751025166072,
          4.111107239472624
        ],
        [
          0.9806185186370665,
          -0.01153224502836747,
          0.19558713719239265,
          0.9975741321773426
        ],
        [
          -0.04994401339575338,
          0.9505746132681424,
          0.3064530962991092,
          1.66843710165647
        ],
        [
          0.0,
          0.0,
          0.0,
          1.0
        ]
      ]
    },
    {
      "file_path": "./..\\..\\videos\\images/0025.jpg",
      "sharpness": 10.36333138879265,
      "transform_matrix": [
        [
          -0.9678775584614506,
          0.2514198363548813,
          0.0010477617984501683,
          0.010280390475366066
        ],
        [
          -0.127362381535274,
          -0.493884747336097,
          0.8601492196839383,
          3.179448863351275
        ],
        [
          0.21677604962481056,
          0.8323856812222796,
          0.5100413925363783,
          1.5400797914937365
        ],
        [
          0.0,
          0.0,
          0.0,
          1.0
        ]
      ]
    },
    {
      "file_path": "./..\\..\\videos\\images/0005.jpg",
      "sharpness": 30.211175710962358,
      "transform_matrix": [
        [
          0.12136895832194718,
          -0.39986228191949175,
          0.9085041175166916,
          4.537108595334854
        ],
        [
          0.989851935508884,
          0.116908228053127,
          -0.08078126012423444,
          -0.07282357201223968
        ],
        [
          -0.07391022754823787,
          0.9090888965349003,
          0.4099934835530805,
          1.712459617718212
        ],
        [
          0.0,
          0.0,
          0.0,
          1.0
        ]
      ]
    },
    {
      "file_path": "./..\\..\\videos\\images/0028.jpg",
      "sharpness": 7.941945682634591,
      "transform_matrix": [
        [
          -0.8847646156380772,
          0.4439277177710679,
          -0.1418441271261393,
          -0.14076294152142677
        ],
        [
          -0.3944507990702787,
          -0.5512378613681294,
          0.7352179182470827,
          2.391995842493156
        ],
        [
          0.24819375922718112,
          0.7064453281364393,
          0.662823397542772,
          2.198851995826718
        ],
        [
          0.0,
          0.0,
          0.0,
          1.0
        ]
      ]
    },
    {
      "file_path": "./..\\..\\videos\\images/0029.jpg",
      "sharpness": 9.65842624446948,
      "transform_matrix": [
        [
          -0.8552227863064643,
          0.4947463557395563,
          -0.15433738806730066,
          -0.20292488661412608
        ],
        [
          -0.44617853958684395,
          -0.5513642435655447,
          0.7049270754723576,
          2.344524590445391
        ],
        [
          0.26366398442648276,
          0.671731728039853,
          0.6922844711216694,
          2.4289886121284776
        ],
        [
          0.0,
          0.0,
          0.0,
          1.0
        ]
      ]
    },
    {
      "file_path": "./..\\..\\videos\\images/0022.jpg",
      "sharpness": 16.694936528251656,
      "transform_matrix": [
        [
          -0.971681855437178,
          0.10723273343386744,
          0.21055999806531192,
          0.6329598786921476
        ],
        [
          0.14871422624210456,
          -0.4149561300521464,
          0.8976054194632647,
          3.472977048289063
        ],
        [
          0.18362584461506826,
          0.9035001666243534,
          0.3872583093936571,
          1.5190677924413374
        ],
        [
          0.0,
          0.0,
          0.0,
          1.0
        ]
      ]
    },
    {
      "file_path": "./..\\..\\videos\\images/0027.jpg",
      "sharpness": 6.2177839858632025,
      "transform_matrix": [
        [
          -0.9181653359111397,
          0.38220256702196753,
          -0.10437247617932055,
          -0.11457614559164338
        ],
        [
          -0.318922079019753,
          -0.5566724879558915,
          0.7670752561979696,
          2.6903063868761774
        ],
        [
          0.23507684602903797,
          0.737588597371681,
          0.6330102191778435,
          1.9575971321804335
        ],
        [
          0.0,
          0.0,
          0.0,
          1.0
        ]
      ]
    },
    {
      "file_path": "./..\\..\\videos\\images/0030.jpg",
      "sharpness": 7.391624653663174,
      "transform_matrix": [
        [
          -0.8183346450926043,
          0.541281481799347,
          -0.19324276491777062,
          -0.36962924223716226
        ],
        [
          -0.5134651724043534,
          -0.5374600027658849,
          0.6689471295693908,
          2.11475345055009
        ],
        [
          0.2582284365715473,
          0.646646041466281,
          0.7177513299862762,
          2.464236527569549
        ],
        [
          0.0,
          0.0,
          0.0,
          1.0
        ]
      ]
    },
    {
      "file_path": "./..\\..\\videos\\images/0026.jpg",
      "sharpness": 14.251561448386866,
      "transform_matrix": [
        [
          -0.9507209014064022,
          0.30705173761423327,
          -0.04299997846369214,
          -0.122548381520267
        ],
        [
          -0.2096629021361,
          -0.5345198087223467,
          0.8187368573331476,
          2.9155211764094924
        ],
        [
          0.22841023442948183,
          0.7874057432949025,
          0.5725565127822198,
          1.6562361327979325
        ],
        [
          0.0,
          0.0,
          0.0,
          1.0
        ]
      ]
    },
    {
      "file_path": "./..\\..\\videos\\images/0002.jpg",
      "sharpness": 163.20006461279593,
      "transform_matrix": [
        [
          0.3217287729899056,
          -0.36617083954907426,
          0.8731606455773967,
          4.915575795843972
        ],
        [
          0.9435793744242259,
          0.20036779775663846,
          -0.2636488380171747,
          -1.2925748430796429
        ],
        [
          -0.07841275927922095,
          0.9087197928812532,
          0.4099753374330419,
          2.2208291827214675
        ],
        [
          0.0,
          0.0,
          0.0,
          1.0
        ]
      ]
    },
    {
      "file_path": "./..\\..\\videos\\images/0012.jpg",
      "sharpness": 52.16440053691938,
      "transform_matrix": [
        [
          -0.47327349949942255,
          -0.32327900529090525,
          0.8194527927223709,
          3.0545642806344566
        ],
        [
          0.8804803358904849,
          -0.14435948361167486,
          0.4515691725594366,
          1.8899444524589835
        ],
        [
          -0.02768705092350545,
          0.9352277927458524,
          0.35296232515970494,
          1.332705737002855
        ],
        [
          0.0,
          0.0,
          0.0,
          1.0
        ]
      ]
    },
    {
      "file_path": "./..\\..\\videos\\images/0036.jpg",
      "sharpness": 3.986285657253655,
      "transform_matrix": [
        [
          -0.5985321954792729,
          0.7601014493162124,
          -0.2529920904157973,
          -0.7307636783921652
        ],
        [
          -0.7871035406091795,
          -0.49920730800027624,
          0.36229833011494206,
          1.1287813331023049
        ],
        [
          0.14908798540337825,
          0.4159781850545626,
          0.8970701880356626,
          3.2549253704509917
        ],
        [
          0.0,
          0.0,
          0.0,
          1.0
        ]
      ]
    },
    {
      "file_path": "./..\\..\\videos\\images/0006.jpg",
      "sharpness": 132.38615330073108,
      "transform_matrix": [
        [
          0.05980281031244517,
          -0.3886556103444713,
          0.9194402865424706,
          4.337005855617554
        ],
        [
          0.9960143063884013,
          0.08429545606867779,
          -0.02915094441472115,
          0.30879836940284305
        ],
        [
          -0.06617496018839213,
          0.9175189876654141,
          0.3921476533306856,
          1.5990170464321274
        ],
        [
          0.0,
          0.0,
          0.0,
          1.0
        ]
      ]
    },
    {
      "file_path": "./..\\..\\videos\\images/0024.jpg",
      "sharpness": 17.17424501994963,
      "transform_matrix": [
        [
          -0.9775147268792209,
          0.20278130478224624,
          0.057833392221547195,
          0.2594009004781156
        ],
        [
          -0.045507721657639756,
          -0.47067177371792474,
          0.8811340015566407,
          3.4191682083124744
        ],
        [
          0.2058980478206975,
          0.8586895969598997,
          0.4693167055110396,
          1.477763399113737
        ],
        [
          0.0,
          0.0,
          0.0,
          1.0
        ]
      ]
    },
    {
      "file_path": "./..\\..\\videos\\images/0003.jpg",
      "sharpness": 172.1818016862745,
      "transform_matrix": [
        [
          0.2598884172244225,
          -0.3822124117804365,
          0.8867760049552351,
          4.815744642438471
        ],
        [
          0.9625510262975913,
          0.17591735474934056,
          -0.20627313464412417,
          -0.9467344665521914
        ],
        [
          -0.0771591367690716,
          0.9071751521443211,
          0.4136178321110501,
          2.0451362123604904
        ],
        [
          0.0,
          0.0,
          0.0,
          1.0
        ]
      ]
    },
    {
      "file_path": "./..\\..\\videos\\images/0035.jpg",
      "sharpness": 7.620486045782751,
      "transform_matrix": [
        [
          -0.6587848638840816,
          0.709901110470939,
          -0.2490841555783097,
          -0.7673015046493933
        ],
        [
          -0.7330914311788148,
          -0.5313361524151313,
          0.4245690128510868,
          1.3348212574563632
        ],
        [
          0.16905459684198587,
          0.4623010994373719,
          0.8704586359160648,
          3.044439937745999
        ],
        [
          0.0,
          0.0,
          0.0,
          1.0
        ]
      ]
    },
    {
      "file_path": "./..\\..\\videos\\images/0034.jpg",
      "sharpness": 5.736680114368405,
      "transform_matrix": [
        [
          -0.6991222960791135,
          0.6704764845473027,
          -0.24837330549992298,
          -0.6090226931315126
        ],
        [
          -0.6924038826068923,
          -0.548221514297782,
          0.4690735918983413,
          1.5615909944979651
        ],
        [
          0.17833922323766283,
          0.4999144476621004,
          0.8475144049330071,
          2.8821694194300527
        ],
        [
          0.0,
          0.0,
          0.0,
          1.0
        ]
      ]
    },
    {
      "file_path": "./..\\..\\videos\\images/0023.jpg",
      "sharpness": 28.45920802841896,
      "transform_matrix": [
        [
          -0.9783658102603917,
          0.147729442180311,
          0.1448321556748401,
          0.4592370562443803
        ],
        [
          0.06581201642914372,
          -0.441461083736643,
          0.8948636153314447,
          3.438060786868316
        ],
        [
          0.1961354631245,
          0.8850356622950334,
          0.42218805841259277,
          1.477661007645584
        ],
        [
          0.0,
          0.0,
          0.0,
          1.0
        ]
      ]
    },
    {
      "file_path": "./..\\..\\videos\\images/0004.jpg",
      "sharpness": 182.5435413913657,
      "transform_matrix": [
        [
          0.1875036901831413,
          -0.39472499325769356,
          0.899463476721661,
          4.649060324242224
        ],
        [
          0.9792977861946386,
          0.14622982798763456,
          -0.13997386672322687,
          -0.5157696849456362
        ],
        [
          -0.07627720588358926,
          0.907088208056264,
          0.4139719444154804,
          1.7871823690783024
        ],
        [
          0.0,
          0.0,
          0.0,
          1.0
        ]
      ]
    },
    {
      "file_path": "./..\\..\\videos\\images/0001.jpg",
      "sharpness": 178.42623932510378,
      "transform_matrix": [
        [
          0.3573790951615719,
          -0.35417775346533203,
          0.8641980683746909,
          4.797578752384635
        ],
        [
          0.929627602374259,
          0.22391308775658872,
          -0.2926695235921593,
          -1.4815287881961963
        ],
        [
          -0.08984822354941671,
          0.907976347802364,
          0.4092752724655612,
          2.34483994990739
        ],
        [
          0.0,
          0.0,
          0.0,
          1.0
        ]
      ]
    },
    {
      "file_path": "./..\\..\\videos\\images/0038.jpg",
      "sharpness": 11.79734276450666,
      "transform_matrix": [
        [
          -0.4256510132474761,
          0.8603188173068174,
          -0.28048662641915034,
          -0.9225087480316779
        ],
        [
          -0.9012699757460809,
          -0.3753799563586263,
          0.2163384366850216,
          0.5385431258778358
        ],
        [
          0.08083097040246458,
          0.34487884976924216,
          0.9351603783848551,
          3.4092547503149033
        ],
        [
          0.0,
          0.0,
          0.0,
          1.0
        ]
      ]
    },
    {
      "file_path": "./..\\..\\videos\\images/0039.jpg",
      "sharpness": 13.311807859597582,
      "transform_matrix": [
        [
          -0.2991908139869208,
          0.8925424603324966,
          -0.3374208254098394,
          -1.2760129710491692
        ],
        [
          -0.954116088338199,
          -0.27533880113330306,
          0.11769041834046645,
          0.3574808012314121
        ],
        [
          0.012138649997405822,
          0.35715053012562803,
          0.93396796096145,
          3.1288228235530138
        ],
        [
          0.0,
          0.0,
          0.0,
          1.0
        ]
      ]
    },
    {
      "file_path": "./..\\..\\videos\\images/0031.jpg",
      "sharpness": 30.4754928893901,
      "transform_matrix": [
        [
          -0.7783012006752251,
          0.5832996189781527,
          -0.23239792515907837,
          -0.6047157563403508
        ],
        [
          -0.5831636898088295,
          -0.534330347697821,
          0.6118914858225611,
          1.8274728066872494
        ],
        [
          0.23273880638177316,
          0.6117619096383312,
          0.756029109237809,
          2.2870996697676187
        ],
        [
          0.0,
          0.0,
          0.0,
          1.0
        ]
      ]
    },
    {
      "file_path": "./..\\..\\videos\\images/0046.jpg",
      "sharpness": 3.698149059959984,
      "transform_matrix": [
        [
          0.49939048706783296,
          0.8353586975945223,
          -0.2297498375845698,
          -0.32283920991359094
        ],
        [
          -0.7842135557186637,
          0.3231268439900404,
          -0.5297151514961521,
          -1.9759486430696007
        ],
        [
          -0.3682638191239844,
          0.44470764457085515,
          0.8164660865459901,
          2.912692943230301
        ],
        [
          0.0,
          0.0,
          0.0,
          1.0
        ]
      ]
    },
    {
      "file_path": "./..\\..\\videos\\images/0033.jpg",
      "sharpness": 11.349147297224487,
      "transform_matrix": [
        [
          -0.7162048006148561,
          0.6513769199704741,
          -0.2505170489144659,
          -0.4689768641326032
        ],
        [
          -0.6722700585821411,
          -0.5475613832801395,
          0.49822635405884513,
          1.5453911428906772
        ],
        [
          0.18735968611610615,
          0.525247217719335,
          0.8300672914841523,
          2.6923821731841606
        ],
        [
          0.0,
          0.0,
          0.0,
          1.0
        ]
      ]
    },
    {
      "file_path": "./..\\..\\videos\\images/0045.jpg",
      "sharpness": 9.606920327859724,
      "transform_matrix": [
        [
          0.3921500397177715,
          0.8741178688076559,
          -0.2865943088606475,
          -1.0108461496896004
        ],
        [
          -0.8645585095961743,
          0.24378338425004006,
          -0.43944083225492836,
          -1.7747777830090579
        ],
        [
          -0.3142561532368907,
          0.42010428834968777,
          0.8513257056839172,
          2.893483832096784
        ],
        [
          0.0,
          0.0,
          0.0,
          1.0
        ]
      ]
    },
    {
      "file_path": "./..\\..\\videos\\images/0047.jpg",
      "sharpness": 11.981039720950353,
      "transform_matrix": [
        [
          0.613950716024045,
          0.7763015959406803,
          -0.14289979189738256,
          0.014581249642589247
        ],
        [
          -0.6708730513640074,
          0.4177894489410929,
          -0.6126837073984489,
          -2.304269771110097
        ],
        [
          -0.41592531454966464,
          0.472025220283023,
          0.7773019517721484,
          2.955831450662778
        ],
        [
          0.0,
          0.0,
          0.0,
          1.0
        ]
      ]
    },
    {
      "file_path": "./..\\..\\videos\\images/0040.jpg",
      "sharpness": 19.71117139273552,
      "transform_matrix": [
        [
          -0.15333041831957697,
          0.9103841478405398,
          -0.38430519937856306,
          -1.4883974185602864
        ],
        [
          -0.9869828820016688,
          -0.16018655406051507,
          0.014319865165620959,
          0.0007329087277400662
        ],
        [
          -0.04852394734999603,
          0.3814983241670053,
          0.9230950413075605,
          3.130884209350041
        ],
        [
          0.0,
          0.0,
          0.0,
          1.0
        ]
      ]
    },
    {
      "file_path": "./..\\..\\videos\\images/0051.jpg",
      "sharpness": 6.0888093717514895,
      "transform_matrix": [
        [
          0.8317154390386892,
          0.5223051753552375,
          0.18827302608875002,
          0.3983293609527204
        ],
        [
          -0.2666494880979195,
          0.6732204380189539,
          -0.6896899972706216,
          -3.0552549400883
        ],
        [
          -0.48697790405580754,
          0.5234229128513161,
          0.6992002398161212,
          3.3636726728930957
        ],
        [
          0.0,
          0.0,
          0.0,
          1.0
        ]
      ]
    },
    {
      "file_path": "./..\\..\\videos\\images/0050.jpg",
      "sharpness": 6.551589245844548,
      "transform_matrix": [
        [
          0.793030407021756,
          0.6077434419185672,
          0.04184115718620486,
          0.12168866101455104
        ],
        [
          -0.4386042732553108,
          0.6172904769513395,
          -0.6531299706427753,
          -2.737218400383554
        ],
        [
          -0.42276360425428167,
          0.49960021611713146,
          0.7560889888557497,
          3.0648183786638348
        ],
        [
          0.0,
          0.0,
          0.0,
          1.0
        ]
      ]
    },
    {
      "file_path": "./..\\..\\videos\\images/0048.jpg",
      "sharpness": 11.369639667256667,
      "transform_matrix": [
        [
          0.6768700116043784,
          0.7336819723829157,
          -0.05964688492958552,
          -0.048181041212537475
        ],
        [
          -0.5897137890578789,
          0.4919815666451546,
          -0.6404621652219933,
          -2.5116334059878707
        ],
        [
          -0.44055037672354425,
          0.4686842237233011,
          0.7656699446216332,
          3.054151204828506
        ],
        [
          0.0,
          0.0,
          0.0,
          1.0
        ]
      ]
    },
    {
      "file_path": "./..\\..\\videos\\images/0032.jpg",
      "sharpness": 30.845339005555946,
      "transform_matrix": [
        [
          -0.7438247857396817,
          0.6201021610925793,
          -0.2493952646271175,
          -0.5559782889489953
        ],
        [
          -0.6351321988878061,
          -0.5395677065552996,
          0.5526968246544024,
          1.4837185667348285
        ],
        [
          0.2081628644365954,
          0.569508559992391,
          0.7951906828303575,
          2.4534746596024415
        ],
        [
          0.0,
          0.0,
          0.0,
          1.0
        ]
      ]
    },
    {
      "file_path": "./..\\..\\videos\\images/0056.jpg",
      "sharpness": 10.783056921083213,
      "transform_matrix": [
        [
          0.7909689806459359,
          0.13956350974035925,
          0.5957265299579008,
          2.857615153729893
        ],
        [
          0.35201592861863806,
          0.6925637099398821,
          -0.629635048006009,
          -3.1019119435464564
        ],
        [
          -0.5004526528525144,
          0.7077270197461574,
          0.4986678332009877,
          2.219724630814769
        ],
        [
          0.0,
          0.0,
          0.0,
          1.0
        ]
      ]
    },
    {
      "file_path": "./..\\..\\videos\\images/0041.jpg",
      "sharpness": 21.73312305645214,
      "transform_matrix": [
        [
          -0.022323519966355603,
          0.9164615875645431,
          -0.39949946065769604,
          -1.686520445193922
        ],
        [
          -0.9954238709204951,
          -0.057512708334593876,
          -0.07631255195669648,
          -0.45571252034359433
        ],
        [
          -0.09291381847796924,
          0.39596773478124464,
          0.9135516271362653,
          2.9338843544666733
        ],
        [
          0.0,
          0.0,
          0.0,
          1.0
        ]
      ]
    },
    {
      "file_path": "./..\\..\\videos\\images/0049.jpg",
      "sharpness": 9.175035712496706,
      "transform_matrix": [
        [
          0.7378686805252057,
          0.6748708154758493,
          -0.009959558712823198,
          -0.033617428361291224
        ],
        [
          -0.5212659689959024,
          0.5604272557751291,
          -0.643586109666442,
          -2.619782837350684
        ],
        [
          -0.42875587450136243,
          0.4800736125671392,
          0.7653089093252302,
          2.9468702522872157
        ],
        [
          0.0,
          0.0,
          0.0,
          1.0
        ]
      ]
    },
    {
      "file_path": "./..\\..\\videos\\images/0044.jpg",
      "sharpness": 22.28761569489321,
      "transform_matrix": [
        [
          0.30400172343202947,
          0.8923107439499893,
          -0.33371318294693236,
          -1.1947767679749963
        ],
        [
          -0.9162703773130396,
          0.1779553433527471,
          -0.3588599886241027,
          -1.6204441363035391
        ],
        [
          -0.2608285793703983,
          0.4148655590656466,
          0.8716966331127093,
          2.9467554963065785
        ],
        [
          0.0,
          0.0,
          0.0,
          1.0
        ]
      ]
    },
    {
      "file_path": "./..\\..\\videos\\images/0052.jpg",
      "sharpness": 25.077276042823918,
      "transform_matrix": [
        [
          0.8365430900013758,
          0.42202447917273084,
          0.3494152223941233,
          1.1559322488463475
        ],
        [
          -0.06031779746681336,
          0.7047938157952451,
          -0.7068432927672123,
          -3.1038881720531175
        ],
        [
          -0.5445708603749194,
          0.5702289156620409,
          0.6150459835399937,
          3.4503258987338623
        ],
        [
          0.0,
          0.0,
          0.0,
          1.0
        ]
      ]
    },
    {
      "file_path": "./..\\..\\videos\\images/0042.jpg",
      "sharpness": 74.0952666025111,
      "transform_matrix": [
        [
          0.10000117009221005,
          0.913411442131339,
          -0.39456216678051675,
          -1.4697486323442932
        ],
        [
          -0.9842879674520958,
          0.032817325369132684,
          -0.17349415059045392,
          -0.9241039627718326
        ],
        [
          -0.145523067286592,
          0.40571241123708934,
          0.9023416627591536,
          3.0027827110655303
        ],
        [
          0.0,
          0.0,
          0.0,
          1.0
        ]
      ]
    },
    {
      "file_path": "./..\\..\\videos\\images/0043.jpg",
      "sharpness": 93.91869491624037,
      "transform_matrix": [
        [
          0.20927968966626848,
          0.9055629108046634,
          -0.3689956993773435,
          -1.3291563713720933
        ],
        [
          -0.9562711396274715,
          0.11068229669163977,
          -0.27073037642478326,
          -1.1570397342327723
        ],
        [
          -0.20432209624204684,
          0.4095183071226191,
          0.8891272334227228,
          3.004793388412905
        ],
        [
          0.0,
          0.0,
          0.0,
          1.0
        ]
      ]
    },
    {
      "file_path": "./..\\..\\videos\\images/0063.jpg",
      "sharpness": 10.342927727163296,
      "transform_matrix": [
        [
          0.24195243027631116,
          -0.5616719949798838,
          0.7911912484535609,
          2.785346843852961
        ],
        [
          0.9379392642513079,
          0.3441869644799655,
          -0.04248846975648108,
          -0.3670924547359081
        ],
        [
          -0.24845313055658014,
          0.7523695259729086,
          0.6100910902473506,
          2.1909139937092252
        ],
        [
          0.0,
          0.0,
          0.0,
          1.0
        ]
      ]
    },
    {
      "file_path": "./..\\..\\videos\\images/0059.jpg",
      "sharpness": 47.254224010964435,
      "transform_matrix": [
        [
          0.6070243028262965,
          -0.21572405496373995,
          0.7648428779684425,
          3.5984474669414244
        ],
        [
          0.739854138915584,
          0.504713447203091,
          -0.4448372616433086,
          -2.133724796994423
        ],
        [
          -0.290064387627525,
          0.8358991975052474,
          0.46597766334408913,
          1.9321009928191746
        ],
        [
          0.0,
          0.0,
          0.0,
          1.0
        ]
      ]
    },
    {
      "file_path": "./..\\..\\videos\\images/0057.jpg",
      "sharpness": 80.42012603303375,
      "transform_matrix": [
        [
          0.7764235188360288,
          0.10523549350497169,
          0.621363026254253,
          3.0509294869090384
        ],
        [
          0.40220337335171075,
          0.6763146351996436,
          -0.6171150303498871,
          -2.7627452594169113
        ],
        [
          -0.4851793131958979,
          0.7290569286263501,
          0.4827805184179812,
          2.0387616353829405
        ],
        [
          0.0,
          0.0,
          0.0,
          1.0
        ]
      ]
    },
    {
      "file_path": "./..\\..\\videos\\images/0058.jpg",
      "sharpness": 42.00084283103624,
      "transform_matrix": [
        [
          0.7021417789219487,
          -0.036722128618731704,
          0.7110895918608507,
          3.342955584105113
        ],
        [
          0.580663212077716,
          0.6075235435089581,
          -0.5419828209697921,
          -2.6757902865435517
        ],
        [
          -0.41210090573884683,
          0.7934523485458197,
          0.44789085073442936,
          2.058120916346052
        ],
        [
          0.0,
          0.0,
          0.0,
          1.0
        ]
      ]
    },
    {
      "file_path": "./..\\..\\videos\\images/0054.jpg",
      "sharpness": 53.67553960229952,
      "transform_matrix": [
        [
          0.8317445985040607,
          0.249707094021023,
          0.4958299004151477,
          2.2594301220114095
        ],
        [
          0.17926333799573932,
          0.7244852042409231,
          -0.6655718176809156,
          -3.375247312365676
        ],
        [
          -0.5254194311264166,
          0.6424698872991453,
          0.5578233281280747,
          2.5507224699802746
        ],
        [
          0.0,
          0.0,
          0.0,
          1.0
        ]
      ]
    },
    {
      "file_path": "./..\\..\\videos\\images/0060.jpg",
      "sharpness": 65.9483154641799,
      "transform_matrix": [
        [
          0.557087696186102,
          -0.3170432835710434,
          0.7675525097290428,
          3.662969080005336
        ],
        [
          0.7966409708199578,
          0.4650705109812831,
          -0.3860991885916216,
          -1.5078684966610718
        ],
        [
          -0.23455588336944905,
          0.8265548839776694,
          0.5116547287426393,
          1.9409554251955912
        ],
        [
          0.0,
          0.0,
          0.0,
          1.0
        ]
      ]
    },
    {
      "file_path": "./..\\..\\videos\\images/0055.jpg",
      "sharpness": 76.15383341193926,
      "transform_matrix": [
        [
          0.8121345915131779,
          0.18690662778708597,
          0.5527235455883736,
          2.6258683956454854
        ],
        [
          0.2704175768265157,
          0.7188476875662072,
          -0.6404157526392187,
          -3.205322751385841
        ],
        [
          -0.5170219913171225,
          0.6695699475212243,
          0.5332582357227753,
          2.322247221673103
        ],
        [
          0.0,
          0.0,
          0.0,
          1.0
        ]
      ]
    },
    {
      "file_path": "./..\\..\\videos\\images/0037.jpg",
      "sharpness": 61.30812454333312,
      "transform_matrix": [
        [
          -0.5260269696293591,
          0.8090750465292949,
          -0.26209386943797947,
          -0.76842602843645
        ],
        [
          -0.8416823696018061,
          -0.45107351057614,
          0.29682229829052736,
          0.8601694274914161
        ],
        [
          0.1219279130124668,
          0.3767363231748527,
          0.918261034196912,
          3.341826133323048
        ],
        [
          0.0,
          0.0,
          0.0,
          1.0
        ]
      ]
    },
    {
      "file_path": "./..\\..\\videos\\images/0053.jpg",
      "sharpness": 35.32358988701789,
      "transform_matrix": [
        [
          0.837882885901273,
          0.32984681234349006,
          0.4349176358707393,
          1.7706959871590953
        ],
        [
          0.07756299324775622,
          0.7167408949510412,
          -0.6930126056484787,
          -3.270408883008833
        ],
        [
          -0.5403112544509916,
          0.6143969156410806,
          0.5749610234264477,
          3.0629770831303076
        ],
        [
          0.0,
          0.0,
          0.0,
          1.0
        ]
      ]
    },
    {
